# oST version 5.0 parameters


[image]

width
640

height
360

[narrow_stereo]

camera matrix
553.627733 0.000000 317.448667
0.000000 550.558377 122.189254
0.000000 0.000000 1.000000

distortion
-0.519086 0.331704 0.013667 0.002975 0.000000

rectification
1.000000 0.000000 0.000000
0.000000 1.000000 0.000000
0.000000 0.000000 1.000000

projection
457.295868 0.000000 319.854539 0.000000
0.000000 514.913330 118.546649 0.000000
0.000000 0.000000 1.000000 0.000000

